.Random.seed <-
c(403L, 10L, 756504826L, -610844603L, -519591777L, -1120964058L, 
-1603844432L, -1619612845L, -1628584335L, 1506470816L, 2059565886L, 
1727447625L, 2033104635L, 437601994L, 612333612L, 1390583855L, 
-2007768859L, -816412260L, -477498382L, -858640787L, -589718617L, 
-13081138L, 2059850536L, -1836418773L, 841040713L, 2084317272L, 
495570182L, 585107681L, -1480990605L, -1762099998L, -927945644L, 
-125038249L, -989236915L, -1515338524L, 1627936970L, -227166923L, 
-2068374641L, 402481302L, 1013973056L, -2114475773L, -531299039L, 
-732133872L, -1924762130L, 1751984537L, 645490219L, -1219989734L, 
1376269788L, -951804961L, 1105554357L, 1552143692L, 1940906914L, 
-1401500931L, 1418376183L, 1225919774L, 541011928L, 431890747L, 
-1012910375L, -692639128L, -819971178L, 1812242193L, -1362114365L, 
-1042835246L, -993092252L, -2126962521L, -1377389059L, -1991383052L, 
1973711066L, -1824325083L, -1289969857L, 83913926L, 1889575248L, 
-1502482061L, 1936128913L, 841231808L, -529471586L, 1114782057L, 
-2009638501L, 1762077866L, 891845324L, 1556644751L, 172914629L, 
-1310721156L, 360956882L, -241691827L, 1442402823L, 39350766L, 
-175797048L, -1183808565L, 1810400809L, 1260932216L, -303609434L, 
422112193L, 667265107L, -1718370558L, -363517388L, 1550794679L, 
118734765L, -914989884L, 1816334570L, 1249183573L, -408643345L, 
1758744310L, 89225760L, 244183011L, 1905427585L, -1671867664L, 
-1352533618L, 1823577849L, -297835381L, -164950854L, -1042397252L, 
296842495L, -1955342251L, 2124311404L, -1974402110L, 946488349L, 
-1384926057L, 1800552958L, 682246584L, 394612123L, 1170215929L, 
-1034429624L, -842647946L, 1508487089L, 161796579L, -1966188878L, 
-289051900L, 722999367L, 225480477L, 1124046228L, 1401272634L, 
628614533L, 1760833119L, -1581156122L, -1937654928L, 1980390547L, 
-57751247L, 1106186208L, 1377236094L, 748730121L, -1751811781L, 
1956486410L, -2025335572L, 1971110255L, -350353755L, 660297820L, 
-6066126L, -1814026451L, 1466017255L, -437315314L, -156893464L, 
719393003L, -903442039L, -450621160L, 1005691974L, 1285565601L, 
46052147L, 1033804450L, 2038395284L, -1085882345L, -191031283L, 
-466858716L, -2092730102L, -1674096523L, -279725105L, 1437297878L, 
894147712L, -1427995965L, -1199575967L, 1334693072L, -1828463058L, 
1018273753L, 844447723L, -1137846694L, 1724051484L, 2114325791L, 
1433529717L, -930292724L, 186039778L, 1399389885L, 28547383L, 
-327664162L, -1452371176L, -1244456325L, 2111297561L, -1104572248L, 
-1424305578L, -1173528879L, -2036846973L, 1871078674L, 1674825892L, 
878022759L, -1696308803L, -1448105164L, -420536166L, -1082562843L, 
-86601601L, 567822854L, 1261499792L, -834205645L, 651585489L, 
1920331136L, -1962139554L, 701124521L, -317008293L, -896800150L, 
765056780L, 1338483023L, -500450811L, -1110914884L, -86023790L, 
794655373L, 1997334727L, -434119250L, -1834350584L, 106241035L, 
258603241L, 1909004216L, 1380544614L, 258359553L, 190093203L, 
-7477182L, 15384564L, 2000558583L, -775565843L, -582967676L, 
2086092970L, 1856835093L, 412201647L, 555719868L, 1541229204L, 
-1225289086L, 1011400896L, -1772325572L, 619477136L, -1615620574L, 
-231747064L, 1533795596L, -2021469540L, 383354386L, -464844416L, 
1329969684L, -674738648L, -310603462L, 939244496L, -1204322708L, 
1740436276L, -1580887406L, 1125172576L, 288537932L, 20558816L, 
625545122L, -227795032L, 1786308492L, -835016004L, -250473614L, 
435775728L, -1890302908L, 2074215768L, -1993842630L, 1232106352L, 
1430877244L, 1058175764L, -2129852990L, -1458242336L, 927915900L, 
152426192L, -188552542L, 1761821736L, -1333645044L, -2081866820L, 
1738988850L, 964872128L, 1805858356L, 1061209032L, 1175747770L, 
-188653680L, 1154073068L, 1537938516L, 292637330L, -540054752L, 
20392396L, -512134176L, -1068069182L, 1673156136L, -1752674644L, 
-148898116L, -767835662L, 1707929904L, -1058797404L, 1296382648L, 
-398477478L, 651546000L, 1371970940L, 480512276L, -1250982590L, 
-1056353536L, 759022524L, 679703376L, 1770577186L, -1535932088L, 
-1745626100L, -2099932068L, -1684208430L, -209849344L, 1330210644L, 
-836937240L, 1664885754L, 2076500688L, 978242860L, 392512756L, 
166220690L, -1021897632L, -651560692L, 1570861792L, 2058304866L, 
-1541523800L, -2021826996L, -2002365572L, 232890162L, 229263984L, 
-1124519612L, -977197096L, 598029434L, 1734347312L, 2010715836L, 
-511522988L, -1484540350L, -89073760L, 1209255100L, -1757818416L, 
146698594L, 1110544360L, -722242612L, -1709623556L, -1159957518L, 
1990216832L, -1827190540L, -659152760L, -2071137990L, -901051568L, 
-984723348L, -1503581036L, -2062248622L, -884409632L, 23592140L, 
-1486986080L, 1390888322L, 989861096L, -927718164L, -1190811588L, 
2037165170L, 1874529392L, -1861217756L, -601344456L, 259334682L, 
-827536176L, 2090323516L, -1532639084L, 1981183106L, 745878464L, 
-1130673860L, -114356592L, -2035379166L, -716128248L, 1586021516L, 
-508330980L, -1400860526L, -1165517696L, -1727460332L, -212588760L, 
-855797702L, -388540208L, -1976860564L, 164878004L, 225180690L, 
1178063840L, -537779252L, -1655485984L, -1723394014L, 2129612072L, 
757973260L, -247250372L, 1808951538L, -1417417488L, 1332600644L, 
1223228504L, -376472006L, 537352432L, -893696324L, 327328276L, 
-1142741822L, -1540105632L, 1733976444L, 329260240L, -152326110L, 
-951765848L, -1873677940L, -513510980L, 1939598386L, 1646251840L, 
1218218676L, -1887142584L, 1444574906L, 509618960L, 304306412L, 
-608670636L, 1739928338L, 1097837984L, -614971444L, 1062247264L, 
336956610L, 82391592L, -1986011732L, 1431475004L, -1274708110L, 
-1583739088L, 1176267812L, -47099336L, -1043540262L, 2029323152L, 
-1952956164L, 1049790868L, -1555338430L, -1135496704L, 2116228156L, 
843237968L, 729978018L, -1683253432L, -2057918964L, -312260900L, 
-2021457838L, 278167680L, 670704468L, -821808152L, -1194818822L, 
1847127888L, -57847764L, -666652300L, 1885665938L, 1989055072L, 
-738415476L, -1038230176L, 1803305186L, -1626978136L, 273769164L, 
-1366465028L, 2075228082L, 303202288L, 1905401284L, -835651240L, 
-1773048454L, 2055957936L, 1290574268L, -1641199020L, 858250690L, 
-1942229206L, 1255266248L, 1200393457L, 258400867L, 2030290532L, 
378490258L, 1587522151L, -1892867535L, -1281020042L, -1471572844L, 
-1853076827L, -1461885009L, -1334799256L, -2000578490L, 1162243571L, 
146876757L, 216193842L, 1847574272L, 907774953L, 825718363L, 
-1457157972L, 1685642938L, -384983953L, -1128359431L, -1496777586L, 
-1086065316L, 1340769741L, 173754679L, 1074779072L, 995339422L, 
550162795L, 1182107885L, -579882662L, 1828342296L, 1954371457L, 
-1946217165L, -1243964588L, 1124986210L, 569085431L, 798320193L, 
569074374L, -1846979580L, -518806603L, 1700002975L, -599467784L, 
1690833110L, -1921296029L, -531925723L, -62582078L, 1873010608L, 
-516938791L, -167039669L, -1474999364L, -254520342L, 1259541535L, 
1599410857L, 940938814L, -1021179092L, 2073462141L, 860998599L, 
1261533872L, 738322638L, 74809851L, 726487645L, -873706102L, 
2100729256L, 1568553745L, -464315901L, -1137578748L, 1856432434L, 
-539625593L, -22223407L, 83744598L, -658840268L, 1207807045L, 
-962440049L, -913833464L, -941195738L, -590952749L, 799422517L, 
-1871865966L, 135685984L, -1149836599L, -979343877L, 1667535308L, 
2124830810L, -150657713L, -1781126119L, 2134684206L, -158060484L, 
-733309523L, 8103511L, 63870880L, -283085570L, -530380853L, 270160333L, 
-780851974L, -1300945096L, 182138081L, -1812621421L, -2114810956L, 
-1173454654L, -993192745L, 1364934945L, 170592486L, -1298301468L, 
386701589L, 514707775L, 1807154392L, -700779274L, 1066061571L, 
-610555835L, 1663649890L, -961577008L, 1319830777L, -1585066453L, 
-1096558180L, -307893814L, -1796773185L, 1391008777L, 2085362974L, 
-255393588L, -1140759395L, 1932998951L, 2018214736L, -1864688146L, 
-172725605L, -333710083L, -1345346582L, -1616497528L, -586905039L, 
1863187619L, 473620644L, -489270958L, 1878437031L, -627799823L, 
-1487118282L, -266764076L, 604157029L, -752832913L, 1265193128L, 
-1874985466L, 1091378995L, -855057515L, 600354802L, 181767232L, 
